450.44
150.19
428.38
156.75
441.29
152.87
445.22
230.90
203.98
265.04
173.38
136.74
234.63
385.51
241.93
449.42
419.86
333.57
431.66
388.35
353.78
147.42
239.39
226.83
428.15
236.69
247.28
245.70
176.27
432.00
276.83
337.52
346.21
207.26
232.81
240.99
344.38
144.84
361.67
350.82
147.94
240.41
249.48
335.86
141.75
150.79
421.71
185.54
325.99
254.31
425.75
345.96
169.52
431.32
345.39
329.93
432.77
310.08
144.08
429.84
132.05
242.92
254.05
189.28
421.60
344.63
280.34
387.93
427.46
433.91
253.28
309.69
145.72
439.21
237.88
356.94
146.30
353.62
338.45
228.75
242.83
231.99
241.54
147.84
306.63
420.29
218.00
245.17
189.53
235.78
282.48
346.12
183.01
307.10
329.33
367.04
235.51
326.05
340.96
856.05
1468.72
844.87
1685.92
1239.75
625.85
1215.23
1485.02
797.93
1421.45
751.86
1499.13
1435.95
1568.05
1463.15
1449.04
867.62
752.76
1264.62
754.69
1669.99
1600.93
861.17
1190.30
792.99
1596.58
850.12
792.50
623.68
857.91
1469.05
1009.11
1027.29
893.95
1412.97
839.35
1115.54
1383.96
1422.61
895.46
717.32
982.40
1139.33
867.56
941.36
1369.01
1585.17
1473.04
913.80
1463.76
896.33
1471.04
1041.79
1504.52
1295.47
782.27
1228.27
1196.70
841.85
742.78
1310.18
612.55
1141.28
928.78
1471.54
1372.57
752.37
775.86
1666.59
512.38
766.20
932.70
854.15
1201.06
1262.17
1406.97
1502.36
790.66
733.04
802.13
1525.67
1262.88
909.53
1687.29
978.79
1102.53
830.19
916.90
893.38
1446.19
1547.93
1328.46
916.76
613.15
530.60
1165.07
988.76
724.83
745.87
955.86
1811.10
1565.46
1565.73
1013.63
1520.55
2047.76
1108.65
985.26
1263.82
1633.65
1549.44
1337.73
1560.00
1074.93
1732.85
1693.63
1580.14
1134.77
1844.29
1502.30
1032.99
1334.79
1871.06
1739.06
1683.35
1452.11
1315.39
1690.55
1089.66
1636.72
691.65
1585.41
1108.80
1615.11
1020.39
1801.23
1115.64
1660.89
1630.42
1579.40
1089.67
1518.57
785.56
1644.21
1722.27
1817.86
1955.48
1814.98
1564.12
1774.18
1299.90
1249.37
1877.21
1568.50
1727.74
1063.93
1521.11
933.80
1499.54
1215.67
1532.86
1673.66
1808.83
1299.23
1612.96
1773.95
1674.02
1227.04
1441.26
1912.99
1602.75
1766.91
1560.14
1184.61
974.24
942.30
1803.69
1366.63
1600.67
930.30
2044.57
1185.67
1536.57
2021.48
1554.81
1844.26
1820.14
1079.12
1674.49
1210.84
1935.92
1911.13
2112.34
1920.07
1077.62
1493.76
970.04
1858.16
1627.79
1675.63
1465.51
1077.76
1412.98
825.61
1425.60
861.47
1031.99
1465.61
1407.57
1545.93
1060.00
1251.75
1092.80
1214.99
1217.27
928.70
1075.87
651.57
1122.81
1073.07
1539.47
881.81
731.83
1433.90
1553.84
1160.15
1264.88
1581.68
1164.88
887.36
657.86
677.42
655.84
1899.43
1274.69
779.97
724.36
679.01
1023.80
1078.07
719.12
911.67
1242.96
1336.88
968.36
1068.12
1291.86
665.60
1031.13
1214.11
1791.92
1014.94
653.76
1214.53
674.75
729.75
1405.95
1382.21
648.55
736.32
730.39
1150.34
1825.55
1302.52
661.99
1617.10
1476.13
913.18
741.13
1177.90
1007.21
1117.73
1380.92
1269.27
1283.67
1085.64
1443.90
650.05
727.82
1245.31
779.32
1037.48
1410.63
573.68
1174.83
717.29
1898.67
565.80
921.80
1369.07
661.87
1043.20
677.82
1414.83
1797.00
1112.58
1308.51
788.16
1151.97
1606.52
972.38
782.02
890.58
1152.88
768.31
515.79
957.50
911.19
556.72
1155.30
654.46
1084.08
783.66
978.12
727.60
607.56
1167.50
546.19
1341.68
542.00
1069.10
495.08
884.58
933.38
743.96
833.08
1287.28
781.67
493.04
1335.30
486.68
748.40
1003.80
970.98
581.06
1450.95
918.96
881.10
807.53
1043.98
1020.87
923.14
532.80
653.84
571.01
1071.41
656.22
907.78
1227.39
725.69
303.33
285.38
296.44
701.48
1182.02
568.16
920.61
761.80
458.45
831.45
820.41
759.46
924.03
808.47
1191.77
476.43
834.78
1145.75
1207.18
276.85
744.69
887.12
1101.22
1120.94
762.01
748.83
1090.99
1115.48
816.54
383.75
577.74
739.25
288.57
312.50
735.71
651.10
1150.36
895.36
754.38
1124.12
512.80
658.46
374.32
750.09
292.22
274.90
1092.84
838.18
759.62
764.84
1054.16
881.59
649.88
289.83
1059.19
247.96
748.43
643.74
920.21
659.97
900.29
745.70
665.67
437.99
276.52
866.44
756.36
1187.21
916.75
457.63
995.26
764.33
1185.23
420.20
646.23
418.15
650.81
807.83
816.39
353.36
673.02
939.01
801.40
653.56
290.94
853.36
1005.87
295.61
1083.49
648.45
920.71
1039.88
818.83
299.71
464.68
367.39
1159.77
1104.27
376.56
757.79
1473.55
1186.24
1279.20
1418.79
1212.91
531.04
706.05
740.83
1111.67
1451.33
770.78
1280.20
908.97
695.01
1454.61
757.89
737.76
618.88
971.14
1371.23
650.31
669.94
836.46
1501.19
1337.61
774.65
1484.60
707.57
1272.07
666.09
636.89
1102.79
622.62
607.73
792.13
1470.06
1312.09
924.76
1108.94
1297.74
1490.71
874.80
1063.07
1497.82
797.70
1414.75
1224.96
1258.72
852.43
1293.42
1476.43
742.51
1552.18
1349.37
618.97
1342.41
819.21
657.39
819.29
1463.46
834.17
1012.95
1187.84
1534.81
1427.06
752.08
1106.62
1233.98
1434.57
677.83
1513.51
531.98
1301.15
546.90
850.56
1310.17
1292.92
712.82
1477.53
1036.98
831.57
691.48
739.54
1459.05
882.09
656.01
1484.77
1359.82
798.24
1474.65
580.05
989.92
712.55
998.66
954.23
1142.55
678.16
1281.67
1369.37
765.49
1879.10
1997.88
2033.93
1869.51
1824.37
1997.68
1951.40
1942.11
2035.96
1918.89
1983.01
1795.88
1736.14
1873.36
1780.87
1977.41
1797.99
1975.78
1853.83
1868.70
1842.32
1759.80
1984.99
1906.77
1967.81
1846.99
1818.88
2057.75
1731.01
1876.12
1817.96
1855.24
1866.67
1901.69
2033.42
1798.84
1813.55
1922.09
1866.83
1772.67
1879.87
2045.63
1908.62
1830.62
1827.99
1887.53
1857.28
1806.75
2142.50
2074.45
1832.64
1890.94
1825.93
1914.60
2015.02
1846.06
1924.78
2081.83
1827.46
1855.46
1815.56
1876.01
1831.61
1878.52
1919.81
1864.30
1898.66
1831.67
1966.46
1794.36
2143.85
1834.49
1876.39
1907.73
1861.94
2051.50
1820.81
1991.78
1939.99
1822.58
1918.33
1901.58
1842.88
1951.60
1896.21
1876.80
1874.22
1827.47
2021.58
1818.29
1907.91
2133.57
1809.97
1974.49
1795.05
1895.96
2052.74
1805.88
1862.44
1360.15
1217.39
988.51
1895.55
1464.06
800.13
1253.31
1308.74
560.00
1156.86
2107.69
1462.23
1760.89
1661.66
1459.95
1995.00
1710.46
1815.56
1757.50
1378.13
1387.93
2141.85
1742.83
1717.44
1511.11
1428.05
1579.93
820.02
1894.05
1444.56
1715.69
1557.74
1776.47
1088.46
1364.29
2038.70
686.44
1792.92
1650.32
403.07
1885.64
1957.92
1220.53
673.08
1279.31
1689.02
1909.93
728.83
1605.80
1438.47
1509.48
1425.16
1188.76
2073.54
1574.18
1016.74
1473.32
1910.12
1303.44
1885.68
1292.72
1085.28
771.84
162.55
1368.77
1262.61
1252.16
1901.82
1360.17
844.30
1495.66
1405.70
1415.13
494.19
1513.04
1579.63
1444.59
1659.92
664.90
1614.68
1208.41
989.18
1448.58
1894.31
595.17
1606.72
1500.17
1688.10
1035.65
1753.08
2146.06
907.78
1272.38
1361.95
1497.48
1713.11
1794.43
1299.25
1040.15
1206.29
1399.67
1818.17
1625.48
1750.42
1851.35
1819.29
1846.84
1818.11
1370.81
1642.73
1387.00
1143.80
1191.84
1445.22
1461.18
1246.31
1491.85
1453.73
1328.42
1600.56
977.65
1572.46
1807.55
1199.44
1259.90
2082.29
1177.97
1644.96
1466.71
1862.28
555.32
1416.36
1391.08
1110.16
508.29
1446.46
1134.39
1200.75
1773.19
1292.04
933.37
1363.00
800.69
1778.98
1016.34
1883.58
1935.61
1120.76
850.75
1721.04
1655.18
1540.37
1855.15
2076.57
1481.95
755.33
1596.37
726.08
1184.78
1814.78
1861.86
779.59
638.00
1367.82
1621.58
1097.57
789.10
1653.28
1515.76
1978.89
1797.16
1873.48
971.19
1716.78
1207.12
1404.25
1684.08
1958.47
1599.25
1705.04
952.43
1815.06
1898.13
1565.78
1601.20
1422.91
544.66
1036.37
739.77
1436.16
1982.07
1896.08
1281.62
1435.80
1172.06
1477.52
1667.10
1778.32
1345.58
1606.09
1494.75
1379.49
1907.00
1543.38
1027.16
1636.40
1389.15
1521.12
1610.42
1915.75
1483.08
1574.75
1755.55
1503.75
1650.17
2089.17
1820.87
1973.16
1516.59
993.40
1113.10
2136.81
1908.49
1895.91
1378.28
1655.32
935.25
492.64
1429.95
1542.41
1218.40
1105.26
1177.50
1852.76
1925.60
1614.33
1703.83
1991.95
2013.49
1661.00
1529.52
1584.59
1798.99
1499.89
1994.10
1474.23
1307.46
1819.95
1749.71
1856.60
561.11
726.65
1799.84
1565.59
1711.64
2073.41
1581.12
1842.75
1614.53
1940.26
1243.91
1800.53
788.11
1555.20
1637.54
1676.27
1075.61
1508.84
939.69
1816.60
1622.43
805.38
1558.29
1795.03
816.73
1243.33
1624.03
1810.78
1804.40
1114.99
993.94
1008.93
938.84
1481.15
1417.62
794.87
1694.35
1136.41
1069.82
1776.88
1535.16
1040.45
1840.12
1277.39
1131.41
1559.12
616.08
1340.84
1171.17
1655.38
781.32
1289.34
1038.48
1905.62
1439.49
1436.90
1709.25
1695.82
905.29
1876.16
1700.16
1087.41
1200.99
1585.26
1570.08
1128.00
1722.88
1722.27
1668.15
1579.98
1447.46
1724.01
792.11
1345.82
1315.72
1617.04
1197.40
1618.75
1755.89
980.24
1499.74
1203.03
1876.90
1595.97
1374.12
588.35
1164.01
1889.06
1639.25
898.26
1836.05
1345.53
1287.73
1773.56
1493.22
1433.60
637.03
1072.66
1793.18
1576.30
970.57
989.85
1813.95
1158.79
1342.41
1758.06
1666.61
1476.57
774.98
1767.19
1588.98
1737.83
1833.43
1372.85
1482.23
1583.32
1884.91
787.78
1681.33
1692.96
1528.94
1450.51
1805.25
890.24
1655.32
1471.72
1848.18
2043.43
1561.25
1624.99
1457.77
1813.81
1674.34
999.89
995.16
1291.85
1232.37
1490.83
1785.11
2044.57
1485.18
1264.23
1262.87
1152.53
1487.06
1196.49
1949.93
1723.15
1724.94
1263.37
1634.99
1611.69
256.44
2105.09
1405.70
1630.22
1587.39
1706.86
1869.75
935.60
648.21
1165.91
723.61
1727.41
1773.48
1903.40
482.68
1311.57
1689.82
1518.28
1589.85
1478.94
1132.90
1798.63
1085.10
1623.40
1618.03
1496.10
1942.76
1660.02
752.21
1642.00
634.66
1572.26
1747.10
1739.76
845.36
1455.07
1268.57
937.09
1649.69
879.70
1650.67
1630.51
1633.92
1975.21
1790.99
1505.74
1148.11
1210.14
1690.64
1259.02
1574.23
1407.92
725.23
1107.74
1418.57
1022.75
1823.84
1353.98
2050.70
493.09
1757.73
1485.31
1854.25
1651.50
377.85
805.32
1770.28
651.89
1086.19
1527.76
1496.54
1737.09
1377.18
1774.21
1398.22
1733.98
889.63
1483.52
1496.21
1131.91
1496.14
1575.60
1603.93
442.84
1186.12
836.50
1432.66
1537.79
1125.63
1158.19
907.60
1164.20
1129.17
1560.30
1900.40
1931.47
1903.41
1365.60
1922.44
1805.55
1037.19
1255.75
766.37
1086.74
1516.68
1221.53
1782.58
1757.64
1513.59
884.07
1550.32
1241.71
1680.83
1692.27
1899.96
1185.47
1860.50
748.82
1554.79
1326.78
1120.25
1636.65
1376.92
1640.91
1627.20
927.11
1236.80
1550.08
716.42
1583.30
1389.02
925.83
1848.81
1495.86
2137.59
1233.28
513.06
1034.90
1492.68
1865.00
1774.07
1680.66
1353.42
1337.74
1587.49
1640.52
1400.56
1469.63
1828.89
1405.70
1590.70
1409.34
1686.74
1831.90
1815.17
1777.36
1325.23
1048.46
1030.82
1469.23
1554.42
944.80
1880.25
1544.72
777.62
1490.36
1947.56
1504.25
1128.38
834.06
1512.28
1253.37
825.16
1390.13
1040.48
1417.75
1263.96
1312.36
1604.17
973.49
1248.18
1171.15
1137.21
1505.30
1702.90
837.45
1693.68
1215.07
460.27
1322.04
1047.83
1462.89
1040.97
1632.28
1245.16
1375.31
1234.88
1736.17
1106.87
1573.99
1214.31
1632.93
1954.96
2134.05
1645.42
1209.77
651.03
1730.81
1578.29
1488.07
1415.25
1556.32
1916.71
1520.12
1486.86
1448.37
1052.11
2039.45
1818.47
1891.62
1166.60
1412.65
1518.74
1634.24
1449.98
725.10
1846.40
1438.67
1734.95
1425.39
836.43
1742.32
1765.92
1403.44
1908.04
1522.41
1564.59
771.48
1494.79
2091.85
1390.24
1568.28
1850.79
1683.56
1472.08
1841.20
1488.88
1518.18
1535.37
1557.46
1534.48
2106.49
975.00
729.64
1819.74
1505.37
1263.55
414.26
1381.60
813.94
1013.52
1831.36
1032.14
1520.35
1739.28
1803.85
1380.89
1855.39
1422.01
1102.08
1424.65
1856.04
1529.89
1667.10
1600.19
1414.28
995.24
1587.27
1501.37
1231.91
1476.17
1701.21
1563.82
1206.27
1661.55
1302.61
1609.83
1738.05
